1800   1805   0.998813796935
1800   1810   0.999098830555
1800   1815   0.996205276967
1800   1820   0.996019038417
1800   1825   0.992615416617
1800   1830   0.99042761588
1800   1835   0.989737762865
1800   1840   0.992108098958
1800   1845   0.992796240818
1800   1850   0.993197406212
1800   1855   0.992897191526
1800   1860   0.992193008162
1800   1865   0.987562673035
1800   1870   0.989728433223
1800   1875   0.986851185102
1800   1880   0.987399585952
1800   1885   0.987025495315
1800   1890   0.986458854306
1800   1895   0.97998665128
1800   1900   0.98040467304
1800   1905   0.981444431649
1800   1910   0.975803316951
1800   1915   0.9719050533
1800   1920   0.974500345131
1800   1925   0.978826763202
1800   1930   0.981108652782
1800   1935   0.979932489782
1800   1940   0.977999324609
1800   1945   0.978268445587
1800   1950   0.980583342421
1800   1955   0.979141785491
1800   1960   0.98408973242
1800   1965   0.985597422405
1800   1970   0.983584846516
1800   1975   0.978353177155
1800   1980   0.973483662432
1800   1985   0.968529793801
1800   1990   0.966382875469
1800   1995   0.96716149555
1800   2000   0.964885071595
1800   2005   0.969381223694
1805   1810   0.999030059443
1805   1815   0.997403034338
1805   1820   0.996789783235
1805   1825   0.994133128225
1805   1830   0.992725187362
1805   1835   0.991983812864
1805   1840   0.99385289529
1805   1845   0.994510823552
1805   1850   0.994617954419
1805   1855   0.99384205226
1805   1860   0.992017855944
1805   1865   0.986990225628
1805   1870   0.989551582691
1805   1875   0.986192622177
1805   1880   0.98658151295
1805   1885   0.986511599421
1805   1890   0.986354071971
1805   1895   0.979233123389
1805   1900   0.979899338924
1805   1905   0.981824380934
1805   1910   0.975285559721
1805   1915   0.971302911308
1805   1920   0.973584076249
1805   1925   0.97744831151
1805   1930   0.979769627021
1805   1935   0.97883521253
1805   1940   0.976803843027
1805   1945   0.97672467969
1805   1950   0.979512019102
1805   1955   0.978125942565
1805   1960   0.982557666786
1805   1965   0.984967874452
1805   1970   0.98314940937
1805   1975   0.976857751006
1805   1980   0.971801692139
1805   1985   0.966370350953
1805   1990   0.964127946634
1805   1995   0.965215706977
1805   2000   0.963012093526
1805   2005   0.967886549301
1810   1815   0.99685131484
1810   1820   0.997660573723
1810   1825   0.994525406914
1810   1830   0.992783843895
1810   1835   0.992422097145
1810   1840   0.994585081003
1810   1845   0.995328825394
1810   1850   0.995407740928
1810   1855   0.99489923629
1810   1860   0.994013218625
1810   1865   0.989960090193
1810   1870   0.992066705326
1810   1875   0.989229003815
1810   1880   0.989596060954
1810   1885   0.989416127636
1810   1890   0.989041934355
1810   1895   0.983002295461
1810   1900   0.983404378018
1810   1905   0.984925657155
1810   1910   0.979278138728
1810   1915   0.975680388611
1810   1920   0.977743199784
1810   1925   0.981444578635
1810   1930   0.983360286062
1810   1935   0.982387886582
1810   1940   0.980711360011
1810   1945   0.980631247961
1810   1950   0.982944990299
1810   1955   0.981625661014
1810   1960   0.985922687642
1810   1965   0.987375278949
1810   1970   0.985628723445
1810   1975   0.980509995555
1810   1980   0.976256630609
1810   1985   0.971230498393
1810   1990   0.969114131125
1810   1995   0.969938244799
1810   2000   0.967873815519
1810   2005   0.972634568746
1815   1820   0.997529780837
1815   1825   0.991509512385
1815   1830   0.990148353838
1815   1835   0.992814578056
1815   1840   0.993210755213
1815   1845   0.994037932142
1815   1850   0.994092714323
1815   1855   0.993378654073
1815   1860   0.994448413753
1815   1865   0.99051337338
1815   1870   0.992041042036
1815   1875   0.989574978058
1815   1880   0.990259775153
1815   1885   0.989484794308
1815   1890   0.990173269194
1815   1895   0.984681243073
1815   1900   0.985799337542
1815   1905   0.985467577917
1815   1910   0.980405222571
1815   1915   0.975402752877
1815   1920   0.978546689178
1815   1925   0.982547343223
1815   1930   0.984025265023
1815   1935   0.982939828023
1815   1940   0.98088895461
1815   1945   0.981276419636
1815   1950   0.983491142259
1815   1955   0.982316951632
1815   1960   0.98494803203
1815   1965   0.985835150738
1815   1970   0.984507041104
1815   1975   0.980392979789
1815   1980   0.976822446738
1815   1985   0.972425676585
1815   1990   0.970304134195
1815   1995   0.971067915703
1815   2000   0.969761800963
1815   2005   0.975139844657
1820   1825   0.995937793006
1820   1830   0.994268095812
1820   1835   0.99583321035
1820   1840   0.99633679222
1820   1845   0.997061563657
1820   1850   0.99696034581
1820   1855   0.996438842558
1820   1860   0.996627598705
1820   1865   0.993653931744
1820   1870   0.995410077342
1820   1875   0.992448311665
1820   1880   0.992932428178
1820   1885   0.992445855691
1820   1890   0.993063573606
1820   1895   0.988571476746
1820   1900   0.98974249498
1820   1905   0.989925933863
1820   1910   0.985389635649
1820   1915   0.981531607143
1820   1920   0.983594668543
1820   1925   0.98669589829
1820   1930   0.987782804404
1820   1935   0.98652243122
1820   1940   0.984953044252
1820   1945   0.984510569523
1820   1950   0.986327949792
1820   1955   0.985023512901
1820   1960   0.987423120287
1820   1965   0.987295028817
1820   1970   0.985815332659
1820   1975   0.982811528356
1820   1980   0.980444062294
1820   1985   0.975996174761
1820   1990   0.973937505528
1820   1995   0.974441464124
1820   2000   0.973251598594
1820   2005   0.979699639121
1825   1830   0.998994481534
1825   1835   0.996184686332
1825   1840   0.997391606533
1825   1845   0.996698341642
1825   1850   0.996380327932
1825   1855   0.99461471159
1825   1860   0.98980735274
1825   1865   0.984733833668
1825   1870   0.989198587058
1825   1875   0.983194529921
1825   1880   0.983785902442
1825   1885   0.984087313254
1825   1890   0.984207423072
1825   1895   0.977540528949
1825   1900   0.980177876458
1825   1905   0.982015637445
1825   1910   0.974727160076
1825   1915   0.971729547757
1825   1920   0.972613518671
1825   1925   0.975583904478
1825   1930   0.977790004607
1825   1935   0.976145887244
1825   1940   0.974116211724
1825   1945   0.972097096122
1825   1950   0.975458084415
1825   1955   0.973248908597
1825   1960   0.976390923314
1825   1965   0.977775673528
1825   1970   0.976468939206
1825   1975   0.97021690599
1825   1980   0.967620927751
1825   1985   0.961595853952
1825   1990   0.959196881319
1825   1995   0.959814086834
1825   2000   0.957821480074
1825   2005   0.966353422564
1830   1835   0.997407521381
1830   1840   0.998051558008
1830   1845   0.996879769904
1830   1850   0.995997542643
1830   1855   0.994141729353
1830   1860   0.988259475711
1830   1865   0.982436029741
1830   1870   0.987530970702
1830   1875   0.980869421033
1830   1880   0.981894370063
1830   1885   0.9820698669
1830   1890   0.982092397128
1830   1895   0.974848484332
1830   1900   0.977913132863
1830   1905   0.980549651977
1830   1910   0.972209295556
1830   1915   0.969619473594
1830   1920   0.97014548581
1830   1925   0.973113095666
1830   1930   0.975495976722
1830   1935   0.974210440125
1830   1940   0.971528364148
1830   1945   0.969283744806
1830   1950   0.973781657397
1830   1955   0.971376634166
1830   1960   0.974235320793
1830   1965   0.976881613384
1830   1970   0.976255782327
1830   1975   0.968158155262
1830   1980   0.965461873032
1830   1985   0.958871512825
1830   1990   0.956276586998
1830   1995   0.956932191386
1830   2000   0.954578973662
1830   2005   0.963286551635
1835   1840   0.998866363782
1835   1845   0.998316985681
1835   1850   0.99681690261
1835   1855   0.995632317225
1835   1860   0.992856406075
1835   1865   0.988142341268
1835   1870   0.991979783659
1835   1875   0.986852810182
1835   1880   0.988180400709
1835   1885   0.987765119787
1835   1890   0.988385775743
1835   1895   0.982650301681
1835   1900   0.985720330468
1835   1905   0.986796363087
1835   1910   0.979856961869
1835   1915   0.976623554778
1835   1920   0.977921862656
1835   1925   0.980861775537
1835   1930   0.982479196669
1835   1935   0.981440902317
1835   1940   0.97849952252
1835   1945   0.976929066188
1835   1950   0.980971873777
1835   1955   0.978837052418
1835   1960   0.980533689787
1835   1965   0.982001659099
1835   1970   0.982225962527
1835   1975   0.975727631082
1835   1980   0.974151386436
1835   1985   0.968496892552
1835   1990   0.966056656074
1835   1995   0.966496752191
1835   2000   0.964709377202
1835   2005   0.972997984557
1840   1845   0.999166811051
1840   1850   0.998286164382
1840   1855   0.997220053616
1840   1860   0.993392552316
1840   1865   0.98904283627
1840   1870   0.992802106985
1840   1875   0.987797127572
1840   1880   0.988713114028
1840   1885   0.988694870716
1840   1890   0.988825829883
1840   1895   0.982670996457
1840   1900   0.985100818694
1840   1905   0.987121413859
1840   1910   0.980143449427
1840   1915   0.97752037213
1840   1920   0.978195914872
1840   1925   0.98096820766
1840   1930   0.982787934057
1840   1935   0.981960135878
1840   1940   0.979414596263
1840   1945   0.977838105237
1840   1950   0.981755632115
1840   1955   0.97988114616
1840   1960   0.98226308033
1840   1965   0.984250243683
1840   1970   0.984075437164
1840   1975   0.977074418679
1840   1980   0.9746123653
1840   1985   0.96869862116
1840   1990   0.966213256652
1840   1995   0.966887349203
1840   2000   0.96484440198
1840   2005   0.972364718029
1845   1850   0.998919101062
1845   1855   0.998100256957
1845   1860   0.995193307926
1845   1865   0.991283688284
1845   1870   0.994133427543
1845   1875   0.990211600152
1845   1880   0.990754365193
1845   1885   0.990669585633
1845   1890   0.99118001434
1845   1895   0.985250049214
1845   1900   0.987197192432
1845   1905   0.988962546091
1845   1910   0.982910277741
1845   1915   0.980315181028
1845   1920   0.981030954742
1845   1925   0.983644194011
1845   1930   0.98529763785
1845   1935   0.984629362809
1845   1940   0.982458674378
1845   1945   0.980916979796
1845   1950   0.984218668268
1845   1955   0.982692413929
1845   1960   0.985090732248
1845   1965   0.98665787534
1845   1970   0.986307310441
1845   1975   0.980308534587
1845   1980   0.97749162436
1845   1985   0.972031879513
1845   1990   0.96962643814
1845   1995   0.970521179088
1845   2000   0.968634009784
1845   2005   0.975348619823
1850   1855   0.999158960435
1850   1860   0.996035588366
1850   1865   0.992614028712
1850   1870   0.995172363931
1850   1875   0.991520234836
1850   1880   0.991789714403
1850   1885   0.992275037468
1850   1890   0.992474719195
1850   1895   0.986753609877
1850   1900   0.988206700543
1850   1905   0.990833387694
1850   1910   0.984863844184
1850   1915   0.982973695267
1850   1920   0.983003431619
1850   1925   0.984983979182
1850   1930   0.986708161629
1850   1935   0.986209803258
1850   1940   0.984503323041
1850   1945   0.98274915268
1850   1950   0.985977326772
1850   1955   0.984428270701
1850   1960   0.986554641968
1850   1965   0.988629560596
1850   1970   0.987726819604
1850   1975   0.981890626475
1850   1980   0.978408012519
1850   1985   0.972874879601
1850   1990   0.97056119823
1850   1995   0.971631182265
1850   2000   0.969657162199
1850   2005   0.975923187715
1855   1860   0.997285078266
1855   1865   0.994465249032
1855   1870   0.996495212692
1855   1875   0.993101282043
1855   1880   0.993744790573
1855   1885   0.99400567151
1855   1890   0.994152655473
1855   1895   0.989121154897
1855   1900   0.990246559245
1855   1905   0.993008450104
1855   1910   0.987929541517
1855   1915   0.986566736217
1855   1920   0.986540570978
1855   1925   0.988338941637
1855   1930   0.989964105596
1855   1935   0.989663938824
1855   1940   0.98789719583
1855   1945   0.986421714776
1855   1950   0.989459822132
1855   1955   0.987962473818
1855   1960   0.989832060949
1855   1965   0.991473807696
1855   1970   0.990719606917
1855   1975   0.985776264615
1855   1980   0.982510755412
1855   1985   0.977402175986
1855   1990   0.975189250052
1855   1995   0.976158316541
1855   2000   0.974214425251
1855   2005   0.979703270629
1860   1865   0.998633387567
1860   1870   0.999036065878
1860   1875   0.997963452852
1860   1880   0.998480237422
1860   1885   0.998115802862
1860   1890   0.998283103316
1860   1895   0.995478711033
1860   1900   0.995861833727
1860   1905   0.996112889139
1860   1910   0.993352477321
1860   1915   0.990633808717
1860   1920   0.992253484809
1860   1925   0.994392974672
1860   1930   0.995066506383
1860   1935   0.994405485153
1860   1940   0.992794666876
1860   1945   0.992784910189
1860   1950   0.994074574255
1860   1955   0.993346942704
1860   1960   0.99441432278
1860   1965   0.993867514228
1860   1970   0.993191223574
1860   1975   0.991742848859
1860   1980   0.989967753117
1860   1985   0.986558837053
1860   1990   0.984832944992
1860   1995   0.985408294656
1860   2000   0.984318441777
1860   2005   0.988895802207
1865   1870   0.999211411214
1865   1875   0.999447334874
1865   1880   0.999452490184
1865   1885   0.999308586221
1865   1890   0.999508185735
1865   1895   0.998562469211
1865   1900   0.998081698917
1865   1905   0.997999559201
1865   1910   0.997094288146
1865   1915   0.994628750048
1865   1920   0.996095772618
1865   1925   0.997342396806
1865   1930   0.997282033876
1865   1935   0.996763224349
1865   1940   0.995890658217
1865   1945   0.996193924215
1865   1950   0.996242407996
1865   1955   0.996035558204
1865   1960   0.996357840749
1865   1965   0.994421069564
1865   1970   0.99360401698
1865   1975   0.99460337781
1865   1980   0.99374571225
1865   1985   0.991178099071
1865   1990   0.989687783396
1865   1995   0.990100572042
1865   2000   0.989582863442
1865   2005   0.993667266927
1870   1875   0.998859208982
1870   1880   0.999149254341
1870   1885   0.99917745052
1870   1890   0.998941608355
1870   1895   0.997096754635
1870   1900   0.997324769011
1870   1905   0.997630917149
1870   1910   0.995332605339
1870   1915   0.99270512219
1870   1920   0.994197036487
1870   1925   0.995624838291
1870   1930   0.996061860039
1870   1935   0.995211912542
1870   1940   0.993745487082
1870   1945   0.993882589309
1870   1950   0.994720614944
1870   1955   0.994068091801
1870   1960   0.994633213968
1870   1965   0.993448967106
1870   1970   0.992896947017
1870   1975   0.99235430235
1870   1980   0.991666213604
1870   1985   0.988493426215
1870   1990   0.986928649514
1870   1995   0.98728196554
1870   2000   0.986378871854
1870   2005   0.991423608966
1875   1880   0.999563808117
1875   1885   0.999590222797
1875   1890   0.999252875076
1875   1895   0.998388117893
1875   1900   0.997666279018
1875   1905   0.997310167368
1875   1910   0.996385509411
1875   1915   0.993460175608
1875   1920   0.995284786774
1875   1925   0.996540539122
1875   1930   0.996477468087
1875   1935   0.995908539406
1875   1940   0.994815272602
1875   1945   0.995579832257
1875   1950   0.995272726604
1875   1955   0.995305602909
1875   1960   0.995833824133
1875   1965   0.993961010192
1875   1970   0.993204422112
1875   1975   0.994316412409
1875   1980   0.993645900291
1875   1985   0.991328226385
1875   1990   0.990039510803
1875   1995   0.990418335071
1875   2000   0.98987628432
1875   2005   0.993537439649
1880   1885   0.999602316765
1880   1890   0.999359896973
1880   1895   0.998441357429
1880   1900   0.998146147187
1880   1905   0.997673634121
1880   1910   0.996533970124
1880   1915   0.993658010802
1880   1920   0.995669266267
1880   1925   0.997226770304
1880   1930   0.997303936474
1880   1935   0.99668122252
1880   1940   0.995231548854
1880   1945   0.995996457937
1880   1950   0.996241981602
1880   1955   0.995939555224
1880   1960   0.996271793373
1880   1965   0.99449305639
1880   1970   0.994025726002
1880   1975   0.994799081729
1880   1980   0.994302731419
1880   1985   0.99192159295
1880   1990   0.99056060353
1880   1995   0.990769128056
1880   2000   0.99004094996
1880   2005   0.993948900095
1885   1890   0.999315873006
1885   1895   0.998282071613
1885   1900   0.997684704569
1885   1905   0.998128292353
1885   1910   0.996648956254
1885   1915   0.994112940982
1885   1920   0.995715278511
1885   1925   0.996717372064
1885   1930   0.996929800732
1885   1935   0.99641839195
1885   1940   0.995220800453
1885   1945   0.995735756605
1885   1950   0.996005570271
1885   1955   0.995728483505
1885   1960   0.996124762838
1885   1965   0.994775028952
1885   1970   0.994157621557
1885   1975   0.994548528101
1885   1980   0.993786654317
1885   1985   0.991174639969
1885   1990   0.989853262087
1885   1995   0.990217804064
1885   2000   0.989411190431
1885   2005   0.993165519041
1890   1895   0.998836178074
1890   1900   0.998643242782
1890   1905   0.998636591698
1890   1910   0.997537796198
1890   1915   0.995043492086
1890   1920   0.996512217007
1890   1925   0.99757413879
1890   1930   0.997665017096
1890   1935   0.997203051038
1890   1940   0.996329118131
1890   1945   0.996393686667
1890   1950   0.996624973834
1890   1955   0.996272578754
1890   1960   0.99635231888
1890   1965   0.994429742824
1890   1970   0.993726723508
1890   1975   0.994595718918
1890   1980   0.993776458863
1890   1985   0.991147714122
1890   1990   0.989692876966
1890   1995   0.990116414167
1890   2000   0.989527143848
1890   2005   0.993601985935
1895   1900   0.999344578132
1895   1905   0.998157405987
1895   1910   0.998796410045
1895   1915   0.996200551563
1895   1920   0.998011221163
1895   1925   0.99861100348
1895   1930   0.997892430589
1895   1935   0.997259293668
1895   1940   0.996715924961
1895   1945   0.997254838178
1895   1950   0.996341876781
1895   1955   0.996399615452
1895   1960   0.995447619903
1895   1965   0.991901342579
1895   1970   0.991236727515
1895   1975   0.994710754066
1895   1980   0.995336382226
1895   1985   0.993701082247
1895   1990   0.992497645286
1895   1995   0.992558301634
1895   2000   0.99262215359
1895   2005   0.996711518722
1900   1905   0.997863092546
1900   1910   0.997947571486
1900   1915   0.99506977241
1900   1920   0.997068532524
1900   1925   0.998077860684
1900   1930   0.997581461882
1900   1935   0.996689900494
1900   1940   0.995558602789
1900   1945   0.995644903191
1900   1950   0.995278879182
1900   1955   0.99481805268
1900   1960   0.993794731592
1900   1965   0.99004957023
1900   1970   0.989641695708
1900   1975   0.992562761424
1900   1980   0.99363976861
1900   1985   0.99172469841
1900   1990   0.990327055385
1900   1995   0.99022947566
1900   2000   0.990294060475
1900   2005   0.995798441418
1905   1910   0.998771519121
1905   1915   0.997804857743
1905   1920   0.998161088648
1905   1925   0.997907682739
1905   1930   0.997995860185
1905   1935   0.997823613614
1905   1940   0.997273497094
1905   1945   0.996691575656
1905   1950   0.997303594599
1905   1955   0.996769880132
1905   1960   0.99581273857
1905   1965   0.9942001858
1905   1970   0.993835611159
1905   1975   0.994739665842
1905   1980   0.99444450912
1905   1985   0.991612071057
1905   1990   0.990205731632
1905   1995   0.990668261825
1905   2000   0.990006993674
1905   2005   0.993883062954
1910   1915   0.999017224842
1910   1920   0.999672193482
1910   1925   0.999143471435
1910   1930   0.998564373252
1910   1935   0.998364368162
1910   1940   0.998374398479
1910   1945   0.998196034216
1910   1950   0.99739802918
1910   1955   0.997388323943
1910   1960   0.995756865958
1910   1965   0.99221948792
1910   1970   0.991756977186
1910   1975   0.995752453122
1910   1980   0.996450278936
1910   1985   0.994826504358
1910   1990   0.993691821297
1910   1995   0.993939081148
1910   2000   0.993934369437
1910   2005   0.997035538667
1915   1920   0.999178309725
1915   1925   0.997808999118
1915   1930   0.997398709265
1915   1935   0.997754858133
1915   1940   0.998202771435
1915   1945   0.997203841044
1915   1950   0.996895329812
1915   1955   0.996824666239
1915   1960   0.994875986248
1915   1965   0.992074509739
1915   1970   0.99170898851
1915   1975   0.995173571985
1915   1980   0.995354750447
1915   1985   0.99336297818
1915   1990   0.992155242933
1915   1995   0.992615600914
1915   2000   0.992285609971
1915   2005   0.994515311812
1920   1925   0.999353086926
1920   1930   0.998897991561
1920   1935   0.998763654289
1920   1940   0.998757978881
1920   1945   0.998643702773
1920   1950   0.997833617402
1920   1955   0.997806540192
1920   1960   0.996125625663
1920   1965   0.9924459558
1920   1970   0.992094343604
1920   1975   0.996480936686
1920   1980   0.997209161107
1920   1985   0.99573404485
1920   1990   0.994633655966
1920   1995   0.99487101804
1920   2000   0.994799509238
1920   2005   0.997245204952
1925   1930   0.999619396292
1925   1935   0.999283695306
1925   1940   0.998837851001
1925   1945   0.999018857587
1925   1950   0.998392808726
1925   1955   0.9982530967
1925   1960   0.997197447203
1925   1965   0.993410360628
1925   1970   0.993039550761
1925   1975   0.997027558883
1925   1980   0.997591464554
1925   1985   0.996121938652
1925   1990   0.994933873518
1925   1995   0.994962416371
1925   2000   0.994819785393
1925   2005   0.997532254553
1930   1935   0.999624972703
1930   1940   0.998974675037
1930   1945   0.998973516678
1930   1950   0.998884426787
1930   1955   0.998432165847
1930   1960   0.997850413115
1930   1965   0.994684117609
1930   1970   0.994306241581
1930   1975   0.997268492229
1930   1980   0.997299911963
1930   1985   0.995403373714
1930   1990   0.994142824782
1930   1995   0.99427847113
1930   2000   0.993769019805
1930   2005   0.996309648331
1935   1940   0.999415141253
1935   1945   0.9991758477
1935   1950   0.999381419564
1935   1955   0.999079656496
1935   1960   0.998437041407
1935   1965   0.995947211526
1935   1970   0.995675269535
1935   1975   0.99811464923
1935   1980   0.997592236621
1935   1985   0.99557025346
1935   1990   0.99425056378
1935   1995   0.994497920231
1935   2000   0.993823852429
1935   2005   0.995484759349
1940   1945   0.999388398672
1940   1950   0.999064370936
1940   1955   0.998940537839
1940   1960   0.998219608509
1940   1965   0.995307688124
1940   1970   0.994571487526
1940   1975   0.997999852189
1940   1980   0.997267670483
1940   1985   0.995396232405
1940   1990   0.994198555423
1940   1995   0.994569127953
1940   2000   0.994058227624
1940   2005   0.995025757239
1945   1950   0.999090387361
1945   1955   0.99928901722
1945   1960   0.998638400289
1945   1965   0.995395195091
1945   1970   0.994717136214
1945   1975   0.998840163471
1945   1980   0.998488495023
1945   1985   0.99715140874
1945   1990   0.996181577008
1945   1995   0.996444812417
1945   2000   0.996025505849
1945   2005   0.996498713378
1950   1955   0.999646589768
1950   1960   0.998951506557
1950   1965   0.997365787913
1950   1970   0.997085991008
1950   1975   0.998738541968
1950   1980   0.99756667329
1950   1985   0.995261718859
1950   1990   0.993971779856
1950   1995   0.994322084685
1950   2000   0.993284438594
1950   2005   0.994159797096
1955   1960   0.999006978192
1955   1965   0.99734210778
1955   1970   0.997139343539
1955   1975   0.999336198487
1955   1980   0.998206582297
1955   1985   0.996261090779
1955   1990   0.995078306879
1955   1995   0.995529703577
1955   2000   0.994649634219
1955   2005   0.994755426143
1960   1965   0.998464515278
1960   1970   0.997772718954
1960   1975   0.998993317906
1960   1980   0.996900765882
1960   1985   0.994555904526
1960   1990   0.99324891143
1960   1995   0.993767582585
1960   2000   0.992571072355
1960   2005   0.992569439512
1965   1970   0.999461493335
1965   1975   0.997278355818
1965   1980   0.993392915975
1965   1985   0.98985593155
1965   1990   0.988271872826
1965   1995   0.98920925163
1965   2000   0.987177665377
1965   2005   0.98658315622
1970   1975   0.997146752232
1970   1980   0.993853125817
1970   1985   0.990362442501
1970   1990   0.988765103441
1970   1995   0.989658416061
1970   2000   0.98756582452
1970   2005   0.986835538388
1975   1980   0.998668318471
1975   1985   0.997190663636
1975   1990   0.99625893428
1975   1995   0.99678364791
1975   2000   0.995772755804
1975   2005   0.99426778643
1980   1985   0.99943201639
1980   1990   0.998899520269
1980   1995   0.998939510043
1980   2000   0.998448828632
1980   2005   0.997590138055
1985   1990   0.999812689781
1985   1995   0.999682988938
1985   2000   0.999504966114
1985   2005   0.997862984801
1990   1995   0.999832063385
1990   2000   0.999641448004
1990   2005   0.997408719783
1995   2000   0.999714078616
1995   2005   0.997121132768
2000   2005   0.997821474909
From mz342 Thu Feb 13 13:56:52 2014
Date: Thu, 13 Feb 2014 13:56:52 +0000
To: zhangmeng1010@gmail.com Document .txt
Subject: Hello World
User-Agent: Heirloom mailx 12.5 6/20/10
MIME-Version: 1.0
Content-Type: multipart/mixed;
 boundary="=_52fccf24.V7vWVnKPnEiSBSzlUsRin6k9XmeZ3J6KVWN7t1Q2TUGsDs6/"

This is a multi-part message in MIME format.

--=_52fccf24.V7vWVnKPnEiSBSzlUsRin6k9XmeZ3J6KVWN7t1Q2TUGsDs6/
Content-Type: text/plain; charset=us-ascii
Content-Transfer-Encoding: 7bit
Content-Disposition: inline








--=_52fccf24.V7vWVnKPnEiSBSzlUsRin6k9XmeZ3J6KVWN7t1Q2TUGsDs6/
Content-Type: application/x-sh
Content-Transfer-Encoding: base64
Content-Disposition: attachment;
 filename="bnc.sh"

SE9NRV9QQVRIPS9ob21lL216MzQyL2dpdGh1Yi9sZXhpY2FsL2JpbgpQUk9KRUNUX1BBVEg9
L2hvbWUvbXozNDIvUHJvamVjdApPVVRfRElSPSR7UFJPSkVDVF9QQVRIfS9vdXRwdXQvYm5j
X3dpdGhvdXRUYXJnZXQKCndoaWxlIHJlYWQgd29yZApkbwogICAgamF2YSAtY2xhc3NwYXRo
ICR7SE9NRV9QQVRIfSBFeGVjdXRlTWUgJHt3b3JkfSA+ICR7T1VUX0RJUn0vJHt3b3JkfS50
eHQKZG9uZSA8ICR7UFJPSkVDVF9QQVRIfS9saXN0L3dvcmQudHh0

--=_52fccf24.V7vWVnKPnEiSBSzlUsRin6k9XmeZ3J6KVWN7t1Q2TUGsDs6/--

