1950   1955   0.99568949347
1950   1960   0.990484086925
1950   1965   0.979951403853
1950   1970   0.954827987424
1950   1975   0.933944912235
1950   1980   0.908042528669
1950   1985   0.870591570988
1950   1990   0.66907700732
1950   1995   0.594629454162
1950   2000   0.690907871425
1950   2005   0.854677230345
1955   1960   0.997756018028
1955   1965   0.991384140928
1955   1970   0.972572674823
1955   1975   0.954394805317
1955   1980   0.932381203312
1955   1985   0.896820571124
1955   1990   0.699677405735
1955   1995   0.627881834629
1955   2000   0.721811635417
1955   2005   0.876240747217
1960   1965   0.997050686157
1960   1970   0.984222538021
1960   1975   0.969913116977
1960   1980   0.951149383265
1960   1985   0.914424633304
1960   1990   0.718514676601
1960   1995   0.648678424746
1960   2000   0.740756269486
1960   2005   0.889010397729
1965   1970   0.993300881743
1965   1975   0.983168372914
1965   1980   0.967839096038
1965   1985   0.931212668148
1965   1990   0.740066238038
1965   1995   0.673014547261
1965   2000   0.761531447605
1965   2005   0.900379016066
1970   1975   0.996316327975
1970   1980   0.987858987582
1970   1985   0.948851282274
1970   1990   0.760924766509
1970   1995   0.698232511906
1970   2000   0.782531654715
1970   2005   0.909105027558
1975   1980   0.995732796586
1975   1985   0.953634889274
1975   1990   0.767296523693
1975   1995   0.707236206945
1975   2000   0.787850883167
1975   2005   0.906344496583
1980   1985   0.966310740147
1980   1990   0.795674388791
1980   1995   0.740544878034
1980   2000   0.813708580383
1980   2005   0.916261765912
1985   1990   0.919494978149
1985   1995   0.877170733958
1985   2000   0.925607270837
1985   2005   0.976915867588
1990   1995   0.987168373871
1990   2000   0.984870484381
1990   2005   0.938341260603
1995   2000   0.987000708609
1995   2005   0.912899273567
2000   2005   0.961977432438
