1800   1805   0.998813796935
1805   1810   0.999030059443
1810   1815   0.99685131484
1815   1820   0.997529780837
1820   1825   0.995937793006
1825   1830   0.998994481534
1830   1835   0.997407521381
1835   1840   0.998866363782
1840   1845   0.999166811051
1845   1850   0.998919101062
1850   1855   0.999158960435
1855   1860   0.997285078266
1860   1865   0.998633387567
1865   1870   0.999211411214
1870   1875   0.998859208982
1875   1880   0.999563808117
1880   1885   0.999602316765
1885   1890   0.999315873006
1890   1895   0.998836178074
1895   1900   0.999344578132
1900   1905   0.997863092546
1905   1910   0.998771519121
1910   1915   0.999017224842
1915   1920   0.999178309725
1920   1925   0.999353086926
1925   1930   0.999619396292
1930   1935   0.999624972703
1935   1940   0.999415141253
1940   1945   0.999388398672
1945   1950   0.999090387361
1950   1955   0.999646589768
1955   1960   0.999006978192
1960   1965   0.998464515278
1965   1970   0.999461493335
1970   1975   0.997146752232
1975   1980   0.998668318471
1980   1985   0.99943201639
1985   1990   0.999812689781
1990   1995   0.999832063385
1995   2000   0.999714078616
2000   2005   0.997821474909
