1800   1805   0.992892568744
1805   1810   0.996300925481
1810   1815   0.997167379131
1815   1820   0.998281671607
1820   1825   0.998144882827
1825   1830   0.996030431481
1830   1835   0.99748687017
1835   1840   0.997657946013
1840   1845   0.997936949873
1845   1850   0.997347511772
1850   1855   0.997908770001
1855   1860   0.997261213418
1860   1865   0.998182179445
1865   1870   0.998161207186
1870   1875   0.998664603018
1875   1880   0.99783512523
1880   1885   0.998110323012
1885   1890   0.996810204339
1890   1895   0.998210978027
1895   1900   0.999069981483
1900   1905   0.99874645735
1905   1910   0.998191923508
1910   1915   0.997760574043
1915   1920   0.998856050731
1920   1925   0.998467522563
1925   1930   0.998654655988
1930   1935   0.999026165106
1935   1940   0.997977478292
1940   1945   0.9994020134
1945   1950   0.998816331325
1950   1955   0.999093953325
1955   1960   0.999216019253
1960   1965   0.999501333714
1965   1970   0.99894058059
1970   1975   0.999074972535
1975   1980   0.998237378268
1980   1985   0.99716992212
1985   1990   0.998367245418
1990   1995   0.999250839524
1995   2000   0.998273815022
2000   2005   0.996021798284
